27 27
26 27
25 27
24 27
23 27
22 27
21 27
21 28
20 28
21 29
22 29
22 30
22 31
21 31
20 31
20 32
21 32
21 33
21 34
20 34
20 35
20 36
20 37
20 38
21 38
21 39
22 39
22 40
22 38
22 37
21 37
21 36
22 36
22 35
21 35
22 34
23 34
22 33
22 32
23 31
24 31
24 30
23 30
23 29
24 29
24 28
23 28
22 28
25 28
26 28
26 29
26 30
25 30
26 31
27 31
28 31
29 31
29 30
28 30
28 29
29 29
29 28
28 28
27 28
28 27
29 27
29 26
28 26
27 26
26 26
25 26
24 26
23 26
22 26
22 25
23 25
24 25
25 25
26 25
27 25
28 25
29 25
28 24
27 24
26 24
25 24
24 24
23 24
22 24
21 24
20 24
20 23
21 23
22 23
23 23
24 23
25 23
26 23
27 23
28 23
23 22
22 22
21 22
20 22
20 21
21 21
22 21
22 20
21 20
20 20
20 19
21 19
22 19
