49  57
48  57
47  57
46  57
45  57
44  57
43  57
42  57
42  58
42  59
43  59
43  60
43  61
43  62
42  62
41  62
40  62
40  63
40  64
40  65
40  66
41  66
42  66
42  67
42  68
42  69
42  70
41  70
40  70
40  71
39  71
40  72
40  73
39  73
39  74
39  75
39  76
39  77
40  77
41  77
41  78
42  78
42  79
43  79
44  79
44  80
44  81
45  81
46  81
46  82
46  80
45  80
45  79
46  79
47  79
46  78
45  78
44  78
43  78
43  77
42  77
42  76
41  76
40  76
40  75
41  75
42  75
43  75
43  76
44  76
44  77
45  77
46  77
46  76
45  76
45  75
44  75
44  74
43  74
42  74
41  74
40  74
41  73
42  73
43  73
44  73
45  73
45  74
46  74
46  75
47  74
47  73
46  73
46  72
45  72
44  72
43  72
42  72
41  72
41  71
42  71
43  71
44  71
45  71
46  71
46  70
45  70
44  70
43  70
43  69
44  69
45  69
46  69
47  69
47  70
47  68
46  68
45  68
44  68
43  68
43  67
44  67
45  67
46  67
47  67
46  66
45  66
44  66
43  66
43  65
42  65
41  65
41  64
42  64
43  64
44  64
44  65
45  65
46  65
46  64
45  64
45  63
44  63
43  63
42  63
41  63
44  62
45  62
46  62
46  63
47  63
47  64
48  63
49  63
49  62
48  62
47  62
47  61
46  61
45  61
44  61
44  60
45  60
46  60
47  60
48  60
48  61
49  61
50  61
51  61
51  62
52  62
52  63
53  63
54  63
55  63
56  63
57  63
58  63
59  63
60  63
60  62
59  62
58  62
57  62
56  62
55  62
54  62
53  62
53  61
52  61
52  60
53  60
54  60
54  61
55  61
56  61
57  61
58  61
59  61
60  61
60  60
59  60
58  60
57  60
56  60
56  59
57  59
58  59
58  58
57  58
56  58
55  58
54  58
53  58
52  58
51  58
50  58
49  58
48  58
47  58
46  58
45  58
44  58
43  58
44  59
45  59
46  59
47  59
48  59
49  59
49  60
50  60
50  59
51  59
52  59
53  59
54  59
51  57
52  57
53  57
54  57
55  57
56  57
57  57
58  57
59  57
59  58
60  58
60  59
60  57
61  57
62  57
62  58
63  58
63  59
58  56
57  56
56  56
55  56
54  56
53  56
52  56
51  56
50  56
49  56
48  56
47  56
46  56
45  56
44  56
43  56
42  56
41  56
42  55
43  55
44  55
45  55
46  55
47  55
48  55
49  55
50  55
51  55
52  55
53  55
54  55
55  55
56  55
57  55
58  55
58  54
57  54
56  54
55  54
54  54
53  54
52  54
51  54
50  54
49  54
48  54
47  54
46  54
45  54
44  54
43  54
42  54
42  53
43  53
44  53
45  53
46  53
47  53
48  53
49  53
50  53
51  53
52  53
53  53
54  53
55  53
56  53
57  53
58  53
58  52
57  52
56  52
55  52
54  52
53  52
52  52
51  52
50  52
49  52
48  52
47  52
46  52
45  52
44  52
43  52
43  51
44  51
45  51
46  51
47  51
48  51
49  51
50  51
51  51
52  51
53  51
54  51
55  51
56  51
57  51
58  51
58  50
57  50
56  50
55  50
54  50
53  50
52  50
51  50
50  50
49  50
48  50
47  50
46  50
45  50
44  50
43  50
43  49
42  49
41  49
40  49
40  48
39  48
39  47
40  47
41  47
41  48
42  48
43  48
44  48
44  49
45  49
46  49
47  49
48  49
49  49
50  49
51  49
52  49
53  49
54  49
55  49
56  49
57  49
52  48
51  48
50  48
49  48
48  48
47  48
46  48
45  48
45  47
44  47
43  47
42  47
42  46
41  46
40  46
40  45
41  45
42  45
43  45
43  46
44  46
45  46
46  46
46  47
47  47
48  47
49  47
50  47
51  47
52  47
53  47
54  47
55  47
56  47
57  47
58  47
58  46
57  46
56  46
55  46
54  46
53  46
52  46
51  46
50  46
49  46
48  46
47  46
47  45
46  45
45  45
44  45
44  44
43  44
42  44
41  44
40  44
40  43
41  43
42  43
43  43
44  43
45  43
45  44
45  42
44  42
43  42
42  42
41  42
40  42
40  41
41  41
42  41
43  41
44  41
45  41
46  41
46  42
46  40
45  40
44  40
43  40
42  40
41  40
40  40
40  39
41  39
42  39
43  39
44  39
45  39
46  39
45  38
44  38
43  38
42  38
41  38
40  38
48  45
54  45
55  45
56  45
57  45
59  52
61  62
40  69
40  68
