0.078125 165.25
2.84375 165.75
5.625 166
7 166.75
8.375 167.25
9.76563 168.25
11.1563 168.25
12.5469 170
13.9219 171.25
15.3125 171.75
17.5781 174.5
18.9531 175.75
21.7344 179
23.1094 181.25
26.3906 151.5
28.6094 141
29.1563 133.5
32.8125 127.25
34.125 122.75
34.5625 125.25
143.609 3663.25
152 3093.75
154.797 3299.75
156.188 3270.5
157.563 3248
158.953 3216.5
160.359 3155.5
161.734 3151.25
163.141 3138.25
164.531 3116.25
165.938 3101
167.344 3087.5
168.703 3074.25
170.094 3045.5
171.484 3018.75
172.875 3022.25
174.266 3009.5
175.656 3008
177.063 3005.25
178.422 2997
179.844 2993.5
181.203 3000.75
182.594 3004.75
185.422 758.25
186.953 733.25
188.313 735
189.563 771.5
190.844 810.5
192.172 826.5
193.609 848.5
194.938 855.75
196.234 852
197.672 838.25
199.031 845.75
200.406 852.25
201.875 843
203.344 836.25
204.656 860
206.016 867.75
207.391 879.25
208.828 880.25
210.141 895.5
211.5 901.5
212.906 910
214.219 925
215.531 968
218.609 3841.25
220.016 3891.25
221.406 3806.5
222.797 3595
224.234 3376.75
225.625 3298.75
234.984 154.75
261.375 519
268.219 144
272.391 147.25
273.781 149
277.938 155.25
279.328 149.75
295.375 173.5
306.359 244.75
310.922 271.5
312.703 255.5
314.563 247.75
317.328 240
317.922 233.25
319.391 227.25
321.734 221.5
323.125 216
323.297 211.5
325.891 206.75
327.281 202.5
328.672 198.75
330.063 195.5
331.438 191.75
332.813 189
334.203 186.75
335.594 184
336.984 181.5
338.359 179.5
339.75 177
341.141 175.75
342.516 174.25
343.906 173.25
345.781 171.25
347.172 170.5
348.563 169.25
349.953 168.5
351.328 167.25
354.109 166.25
355.438 166
356.578 166
358.688 165.25
0.078125 165.25
2.84375 165.75
5.625 166
7 166.75
8.375 167.25
9.76563 168.25
11.1563 168.25
12.5469 170
13.9219 171.25
15.3125 171.75
17.5781 174.5
18.9531 175.75
21.7344 179
23.1094 181.25
26.3906 151.5
28.6094 141
29.1563 133.5
32.8125 127.25
34.125 122.75
34.5625 125.25
143.609 3663.25
152 3093.75
154.797 3299.75
156.188 3270.5
157.563 3248
158.953 3216.5
160.359 3155.5
161.734 3151.25
163.141 3138.25
164.531 3116.25
165.938 3101
167.344 3087.5
168.703 3074.25
170.094 3045.5
171.484 3018.75
172.875 3022.25
174.266 3009.5
175.656 3008
177.063 3005.25
178.422 2997
179.844 2993.5
181.203 3000.75
182.594 3004.75
185.422 758.25
186.953 733.25
188.313 735
189.563 771.5
190.844 810.5
192.172 826.5
193.609 848.5
194.938 855.75
196.234 852
197.672 838.25
199.031 845.75
200.406 852.25
201.875 843
203.344 836.25
204.656 860
206.016 867.75
207.391 879.25
208.828 880.25
210.141 895.5
211.5 901.5
212.906 910
214.219 925
215.531 968
218.609 3841.25
220.016 3891.25
221.406 3806.5
222.797 3595
224.234 3376.75
225.625 3298.75
234.984 154.75
261.375 519
268.219 144
272.391 147.25
273.781 149
277.938 155.25
279.328 149.75
295.375 173.5
306.359 244.75
310.922 271.5
312.703 255.5
314.563 247.75
317.328 240
317.922 233.25
319.391 227.25
321.734 221.5
323.125 216
323.297 211.5
325.891 206.75
327.281 202.5
328.672 198.75
330.063 195.5
331.438 191.75
332.813 189
334.203 186.75
335.594 184
336.984 181.5
338.359 179.5
339.75 177
341.141 175.75
342.516 174.25
343.906 173.25
345.781 171.25
347.172 170.5
348.563 169.25
349.953 168.5
351.328 167.25
354.109 166.25
355.438 166
356.578 166
358.688 165.25
