0.5 165.5
1.89063 166.75
3.26563 165.75
4.65625 165.75
6.04688 166.25
7.42188 166.75
8.8125 167.75
11.5781 168.75
12.9688 170
14.3438 171.25
16.6094 173.25
18 175
19.3906 176.25
20.7656 177.75
23.5469 172.5
25.4375 158.75
26.8125 148
28.2031 138.5
31.2188 130.75
32.3438 123.75
32.8438 126.75
153.828 3299.75
155.219 3296
156.594 3249.75
157.984 3232.5
159.391 3221
160.797 3169.75
162.172 3135.5
163.563 3117
164.953 3109.25
166.328 3093.5
167.719 3094.75
169.094 3078.75
170.484 3075.25
171.906 3016.25
173.281 3010.75
174.656 3008
176.078 2996
177.453 3002.75
178.875 2996
180.25 2989.5
181.656 2991
185.813 748.25
187.281 729.5
188.563 764.25
189.938 785
191.25 816.25
192.563 834.75
193.953 849.5
195.328 847.5
196.688 851.5
198.141 836.75
199.547 851
200.875 853.5
202.297 835.75
203.766 835.75
205.156 867
206.516 872.25
207.906 880.5
209.297 878.75
210.625 900.5
212.016 902.75
213.375 918
214.734 942.75
219.094 3842.5
220.484 3838.25
221.891 3764.75
223.328 3531.75
224.734 3350.25
226.141 3260.5
235.328 155.25
260.609 518.75
267.313 148.5
268.703 150
270.094 148.25
274.266 155.25
277.031 155.25
278.438 149.5
302.391 246
304.344 240.5
307.063 245.75
308.578 283.75
314.063 252.25
314.781 244.25
317.844 237.25
319.563 230.5
319.703 224.5
320.938 219
323.734 212.5
324.078 209.5
326.516 204.25
327.484 200
329.297 197.5
330.688 193
332.063 190.25
334.719 185.25
336.234 182.75
337.625 180.25
339.016 178
340.406 176.5
341.781 175
343.188 173.75
345.063 171.75
346.453 170.5
347.844 169.75
349.234 168.75
350.625 167.75
352.016 167.5
353.406 166.5
354.75 166
356.141 165.75
357.516 165.5
359.109 165.25
0.5 165.5
1.89063 166.75
3.26563 165.75
4.65625 165.75
6.04688 166.25
7.42188 166.75
8.8125 167.75
11.5781 168.75
12.9688 170
14.3438 171.25
16.6094 173.25
18 175
19.3906 176.25
20.7656 177.75
23.5469 172.5
25.4375 158.75
26.8125 148
28.2031 138.5
31.2188 130.75
32.3438 123.75
32.8438 126.75
153.828 3299.75
155.219 3296
156.594 3249.75
157.984 3232.5
159.391 3221
160.797 3169.75
162.172 3135.5
163.563 3117
164.953 3109.25
166.328 3093.5
167.719 3094.75
169.094 3078.75
170.484 3075.25
171.906 3016.25
173.281 3010.75
174.656 3008
176.078 2996
177.453 3002.75
178.875 2996
180.25 2989.5
181.656 2991
185.813 748.25
187.281 729.5
188.563 764.25
189.938 785
191.25 816.25
192.563 834.75
193.953 849.5
195.328 847.5
196.688 851.5
198.141 836.75
199.547 851
200.875 853.5
202.297 835.75
203.766 835.75
205.156 867
206.516 872.25
207.906 880.5
209.297 878.75
210.625 900.5
212.016 902.75
213.375 918
214.734 942.75
219.094 3842.5
220.484 3838.25
221.891 3764.75
223.328 3531.75
224.734 3350.25
226.141 3260.5
235.328 155.25
260.609 518.75
267.313 148.5
268.703 150
270.094 148.25
274.266 155.25
277.031 155.25
278.438 149.5
302.391 246
304.344 240.5
307.063 245.75
308.578 283.75
314.063 252.25
314.781 244.25
317.844 237.25
319.563 230.5
319.703 224.5
320.938 219
323.734 212.5
324.078 209.5
326.516 204.25
327.484 200
329.297 197.5
330.688 193
332.063 190.25
334.719 185.25
336.234 182.75
337.625 180.25
339.016 178
340.406 176.5
341.781 175
343.188 173.75
345.063 171.75
346.453 170.5
347.844 169.75
349.234 168.75
350.625 167.75
352.016 167.5
353.406 166.5
354.75 166
356.141 165.75
357.516 165.5
359.109 165.25
